Rank-1: 95.60%
Rank-5: 100.00%

              precision    recall  f1-score   support

           0       1.00      0.90      0.95        10
           1       1.00      1.00      1.00         9
           2       1.00      1.00      1.00         9
           3       0.90      1.00      0.95        19
           4       1.00      0.86      0.92        14
           5       1.00      0.90      0.95        10
           6       1.00      1.00      1.00         6
           7       0.88      1.00      0.93        14

    accuracy                           0.96        91
   macro avg       0.97      0.96      0.96        91
weighted avg       0.96      0.96      0.96        91

