Rank-1: 96.13%
Rank-5: 100.00%

              precision    recall  f1-score   support

           0       1.00      1.00      1.00        21
           1       0.95      1.00      0.97        19
           2       0.90      0.95      0.92        19
           3       0.97      0.94      0.96        34
           4       0.84      0.89      0.86        18
           5       1.00      0.93      0.96        27
           6       1.00      1.00      1.00        23
           7       1.00      1.00      1.00        20

    accuracy                           0.96       181
   macro avg       0.96      0.96      0.96       181
weighted avg       0.96      0.96      0.96       181

