Rank-1: 98.89%
Rank-5: 100.00%

              precision    recall  f1-score   support

           0       0.96      1.00      0.98        23
           1       0.96      1.00      0.98        25
           2       1.00      0.97      0.98        31
           3       0.98      1.00      0.99        55
           4       1.00      1.00      1.00        26
           5       1.00      1.00      1.00        35
           6       1.00      0.97      0.98        30
           7       1.00      0.98      0.99        46

    accuracy                           0.99       271
   macro avg       0.99      0.99      0.99       271
weighted avg       0.99      0.99      0.99       271

